<?xml version="1.0" encoding="UTF-8" standalone="no" ?>
<COLLADA xmlns="http://www.collada.org/2005/11/COLLADASchema" version="1.4.1">
    <asset>
        <contributor>
            <authoring_tool>SketchUp 17.0.1</authoring_tool>
        </contributor>
        <created>2018-04-08T08:54:05Z</created>
        <modified>2018-04-08T08:54:05Z</modified>
        <unit meter="0.0254" name="inch" />
        <up_axis>Z_UP</up_axis>
    </asset>
    <library_cameras>
        <camera id="ID1" name="skp_camera_Last_Saved_SketchUp_View">
            <optics>
                <technique_common>
                    <perspective>
                        <yfov>35</yfov>
                        <aspect_ratio>0</aspect_ratio>
                        <znear>1</znear>
                        <zfar>1000</zfar>
                    </perspective>
                </technique_common>
            </optics>
        </camera>
    </library_cameras>
    <library_visual_scenes>
        <visual_scene id="ID2">
            <node name="SketchUp">
                <node name="skp_camera_Last_Saved_SketchUp_View">
                    <matrix>0.957874 -0.1884061 0.2167501 156.9875 0.2871889 0.6283991 -0.7229364 -126.7133 0 0.7547302 0.6560353 185.2131 0 0 0 1</matrix>
                    <instance_camera url="#ID1" />
                </node>
                <node id="ID3" name="instance_0">
                    <matrix>1 0 0 36.50969 0 1 0 34.23561 0 0 1 26.90625 0 0 0 1</matrix>
                    <instance_node url="#ID4" />
                </node>
            </node>
        </visual_scene>
    </library_visual_scenes>
    <library_nodes>
        <node id="ID4" name="skp2BBD">
            <node id="ID5" name="instance_1">
                <matrix>1 0 0 0 0 1 0 0 0 0 1 0 0 0 0 1</matrix>
                <instance_node url="#ID6" />
            </node>
            <node id="ID3369" name="instance_2">
                <matrix>1 0 0 0 0 1 0 0 0 0 1 0 0 0 0 1</matrix>
                <instance_node url="#ID3370" />
            </node>
            <node id="ID4333" name="instance_3">
                <matrix>0.7071068 -0.7071066 0.0005513322 0.6397316 0.7071066 0.707107 0.0002286893 -0.1210659 -0.0005515585 0.0002281428 0.9999998 9.466189e-05 0 0 0 1</matrix>
                <instance_node url="#ID6" />
            </node>
            <node id="ID4334" name="instance_4">
                <matrix>0.7071068 -0.7071066 0.0005513322 0.6397316 0.7071066 0.707107 0.0002286893 -0.1210659 -0.0005515585 0.0002281428 0.9999998 9.466189e-05 0 0 0 1</matrix>
                <instance_node url="#ID3370" />
            </node>
            <node id="ID4335" name="instance_5">
                <matrix>1 0 0 0 0 1 0 0 0 0 1 -12.59843 0 0 0 1</matrix>
                <instance_node url="#ID3370" />
            </node>
            <node id="ID4336" name="instance_6">
                <matrix>1 0 0 0 0 1 0 0 0 0 1 -12.59843 0 0 0 1</matrix>
                <instance_node url="#ID6" />
            </node>
            <node id="ID4337" name="instance_7">
                <matrix>0.7071068 -0.7071066 0.0005513322 0.6397316 0.7071066 0.707107 0.0002286893 -0.1210659 -0.0005515585 0.0002281428 0.9999998 -12.59833 0 0 0 1</matrix>
                <instance_node url="#ID3370" />
            </node>
            <node id="ID4338" name="instance_8">
                <matrix>0.7071068 -0.7071066 0.0005513322 0.6397316 0.7071066 0.707107 0.0002286893 -0.1210659 -0.0005515585 0.0002281428 0.9999998 -12.59833 0 0 0 1</matrix>
                <instance_node url="#ID6" />
            </node>
            <node id="ID4339" name="instance_9">
                <matrix>0.7071068 -0.7071066 0.0005513322 25.44288 0.7071066 0.707107 0.0002286893 -0.1210659 -0.0005515585 0.0002281428 0.9999998 9.466189e-05 0 0 0 1</matrix>
                <instance_node url="#ID6" />
            </node>
            <node id="ID4340" name="instance_10">
                <matrix>1 0 0 24.80315 0 1 0 0 0 0 1 -12.59843 0 0 0 1</matrix>
                <instance_node url="#ID3370" />
            </node>
            <node id="ID4341" name="instance_11">
                <matrix>1 0 0 24.80315 0 1 0 0 0 0 1 -12.59843 0 0 0 1</matrix>
                <instance_node url="#ID6" />
            </node>
            <node id="ID4342" name="instance_12">
                <matrix>0.7071068 -0.7071066 0.0005513322 25.44288 0.7071066 0.707107 0.0002286893 -0.1210659 -0.0005515585 0.0002281428 0.9999998 -12.59833 0 0 0 1</matrix>
                <instance_node url="#ID6" />
            </node>
            <node id="ID4343" name="instance_13">
                <matrix>0.7071068 -0.7071066 0.0005513322 25.44288 0.7071066 0.707107 0.0002286893 -0.1210659 -0.0005515585 0.0002281428 0.9999998 9.466189e-05 0 0 0 1</matrix>
                <instance_node url="#ID3370" />
            </node>
            <node id="ID4344" name="instance_14">
                <matrix>0.7071068 -0.7071066 0.0005513322 25.44288 0.7071066 0.707107 0.0002286893 -0.1210659 -0.0005515585 0.0002281428 0.9999998 -12.59833 0 0 0 1</matrix>
                <instance_node url="#ID3370" />
            </node>
            <node id="ID4345" name="instance_15">
                <matrix>1 0 0 24.80315 0 1 0 0 0 0 1 0 0 0 0 1</matrix>
                <instance_node url="#ID3370" />
            </node>
            <node id="ID4346" name="instance_16">
                <matrix>1 0 0 24.80315 0 1 0 0 0 0 1 0 0 0 0 1</matrix>
                <instance_node url="#ID6" />
            </node>
            <node id="ID4347" name="instance_17">
                <matrix>-0.2351421 -0.971961 0 50.20585 0.971961 -0.2351421 0 0.7070814 0 0 1 0 0 0 0 1</matrix>
                <instance_node url="#ID6" />
            </node>
            <node id="ID4348" name="instance_18">
                <matrix>-0.2647027 -0.9643301 7.400598e-05 50.20525 0.9643299 -0.2647026 0.0005922745 0.2132535 -0.0005515585 0.0002281428 0.9999998 -12.59833 0 0 0 1</matrix>
                <instance_node url="#ID6" />
            </node>
            <node id="ID4349" name="instance_19">
                <matrix>-0.2351421 -0.971961 0 50.20585 0.971961 -0.2351421 0 0.7070814 0 0 1 -12.59843 0 0 0 1</matrix>
                <instance_node url="#ID6" />
            </node>
            <node id="ID4350" name="instance_20">
                <matrix>-0.2351421 -0.971961 0 50.20585 0.971961 -0.2351421 0 0.7070814 0 0 1 -12.59843 0 0 0 1</matrix>
                <instance_node url="#ID3370" />
            </node>
            <node id="ID4351" name="instance_21">
                <matrix>-0.8535506 -0.5210099 -0.0003519185 50.17309 0.5210097 -0.8535506 0.0004820989 1.357343 -0.0005515585 0.0002281428 0.9999998 9.466189e-05 0 0 0 1</matrix>
                <instance_node url="#ID3370" />
            </node>
            <node id="ID4352" name="instance_22">
                <matrix>-0.8535506 -0.5210099 -0.0003519185 50.17309 0.5210097 -0.8535506 0.0004820989 1.357343 -0.0005515585 0.0002281428 0.9999998 9.466189e-05 0 0 0 1</matrix>
                <instance_node url="#ID6" />
            </node>
            <node id="ID4353" name="instance_23">
                <matrix>-0.2351421 -0.971961 0 50.20585 0.971961 -0.2351421 0 0.7070814 0 0 1 0 0 0 0 1</matrix>
                <instance_node url="#ID3370" />
            </node>
            <node id="ID4354" name="instance_24">
                <matrix>-0.2647027 -0.9643301 7.400598e-05 50.20525 0.9643299 -0.2647026 0.0005922745 0.2132535 -0.0005515585 0.0002281428 0.9999998 -12.59833 0 0 0 1</matrix>
                <instance_node url="#ID3370" />
            </node>
            <node id="ID4355" name="instance_25">
                <matrix>0.7071068 -0.7071066 0.0005513322 75.04918 0.7071066 0.707107 0.0002286893 -0.1210659 -0.0005515585 0.0002281428 0.9999998 9.466189e-05 0 0 0 1</matrix>
                <instance_node url="#ID3370" />
            </node>
            <node id="ID4356" name="instance_26">
                <matrix>0.7071068 -0.7071066 0.0005513322 75.04918 0.7071066 0.707107 0.0002286893 -0.1210659 -0.0005515585 0.0002281428 0.9999998 -12.59833 0 0 0 1</matrix>
                <instance_node url="#ID6" />
            </node>
            <node id="ID4357" name="instance_27">
                <matrix>0.7071068 -0.7071066 0.0005513322 75.04918 0.7071066 0.707107 0.0002286893 -0.1210659 -0.0005515585 0.0002281428 0.9999998 -12.59833 0 0 0 1</matrix>
                <instance_node url="#ID3370" />
            </node>
            <node id="ID4358" name="instance_28">
                <matrix>1 0 0 74.40945 0 1 0 0 0 0 1 -12.59843 0 0 0 1</matrix>
                <instance_node url="#ID3370" />
            </node>
            <node id="ID4359" name="instance_29">
                <matrix>0.7071068 -0.7071066 0.0005513322 75.04918 0.7071066 0.707107 0.0002286893 -0.1210659 -0.0005515585 0.0002281428 0.9999998 9.466189e-05 0 0 0 1</matrix>
                <instance_node url="#ID6" />
            </node>
            <node id="ID4360" name="instance_30">
                <matrix>1 0 0 74.40945 0 1 0 0 0 0 1 0 0 0 0 1</matrix>
                <instance_node url="#ID3370" />
            </node>
            <node id="ID4361" name="instance_31">
                <matrix>1 0 0 74.40945 0 1 0 0 0 0 1 -12.59843 0 0 0 1</matrix>
                <instance_node url="#ID6" />
            </node>
            <node id="ID4362" name="instance_32">
                <matrix>1 0 0 74.40945 0 1 0 0 0 0 1 0 0 0 0 1</matrix>
                <instance_node url="#ID6" />
            </node>
            <node id="ID4363" name="instance_33">
                <matrix>0.7071068 -0.7071066 0.0005513322 99.85233 0.7071066 0.707107 0.0002286893 -0.1210659 -0.0005515585 0.0002281428 0.9999998 -12.59833 0 0 0 1</matrix>
                <instance_node url="#ID3370" />
            </node>
            <node id="ID4364" name="instance_34">
                <matrix>1 0 0 99.2126 0 1 0 0 0 0 1 0 0 0 0 1</matrix>
                <instance_node url="#ID3370" />
            </node>
            <node id="ID4365" name="instance_35">
                <matrix>1 0 0 99.2126 0 1 0 0 0 0 1 -12.59843 0 0 0 1</matrix>
                <instance_node url="#ID6" />
            </node>
            <node id="ID4366" name="instance_36">
                <matrix>0.7071068 -0.7071066 0.0005513322 99.85233 0.7071066 0.707107 0.0002286893 -0.1210659 -0.0005515585 0.0002281428 0.9999998 9.466189e-05 0 0 0 1</matrix>
                <instance_node url="#ID3370" />
            </node>
            <node id="ID4367" name="instance_37">
                <matrix>0.7071068 -0.7071066 0.0005513322 99.85233 0.7071066 0.707107 0.0002286893 -0.1210659 -0.0005515585 0.0002281428 0.9999998 9.466189e-05 0 0 0 1</matrix>
                <instance_node url="#ID6" />
            </node>
            <node id="ID4368" name="instance_38">
                <matrix>0.7071068 -0.7071066 0.0005513322 99.85233 0.7071066 0.707107 0.0002286893 -0.1210659 -0.0005515585 0.0002281428 0.9999998 -12.59833 0 0 0 1</matrix>
                <instance_node url="#ID6" />
            </node>
            <node id="ID4369" name="instance_39">
                <matrix>1 0 0 99.2126 0 1 0 0 0 0 1 -12.59843 0 0 0 1</matrix>
                <instance_node url="#ID3370" />
            </node>
            <node id="ID4370" name="instance_40">
                <matrix>1 0 0 99.2126 0 1 0 0 0 0 1 0 0 0 0 1</matrix>
                <instance_node url="#ID6" />
            </node>
            <node id="ID4371" name="instance_41">
                <matrix>0.4415059 -0.8972584 0 123.5671 0.8972584 0.4415059 0 0.4119538 -0 0 1 0 0 0 0 1</matrix>
                <instance_node url="#ID3370" />
            </node>
            <node id="ID4372" name="instance_42">
                <matrix>0.5336746 -0.8456898 0.0004872909 122.8071 0.8456897 0.5336748 0.0003446934 -1.224961 -0.0005515585 0.0002281428 0.9999998 -12.59833 0 0 0 1</matrix>
                <instance_node url="#ID3370" />
            </node>
            <node id="ID4373" name="instance_43">
                <matrix>0.4415059 -0.8972584 0 123.5671 0.8972584 0.4415059 0 0.4119538 -0 0 1 -12.59843 0 0 0 1</matrix>
                <instance_node url="#ID3370" />
            </node>
            <node id="ID4374" name="instance_44">
                <matrix>1 0 0 124.0157 0 1 0 0 0 0 1 0 0 0 0 1</matrix>
                <instance_node url="#ID6" />
            </node>
            <node id="ID4375" name="instance_45">
                <matrix>-0.3222655 -0.9466493 3.822297e-05 123.9582 0.9466492 -0.3222654 0.0005956551 0.932507 -0.0005515585 0.0002281428 0.9999998 9.466189e-05 0 0 0 1</matrix>
                <instance_node url="#ID6" />
            </node>
            <node id="ID4376" name="instance_46">
                <matrix>0.5336746 -0.8456898 0.0004872909 122.8071 0.8456897 0.5336748 0.0003446934 -1.224961 -0.0005515585 0.0002281428 0.9999998 -12.59833 0 0 0 1</matrix>
                <instance_node url="#ID6" />
            </node>
            <node id="ID4377" name="instance_47">
                <matrix>-0.3222655 -0.9466493 3.822297e-05 123.9582 0.9466492 -0.3222654 0.0005956551 0.932507 -0.0005515585 0.0002281428 0.9999998 9.466189e-05 0 0 0 1</matrix>
                <instance_node url="#ID3370" />
            </node>
            <node id="ID4378" name="instance_48">
                <matrix>0.4415059 -0.8972584 0 123.5671 0.8972584 0.4415059 0 0.4119538 -0 0 1 -12.59843 0 0 0 1</matrix>
                <instance_node url="#ID6" />
            </node>
        </node>
        <node id="ID6" name="Obj_000003">
            <instance_geometry url="#ID7">
                <bind_material>
                    <technique_common>
                        <instance_material symbol="Material2" target="#ID8">
                            <bind_vertex_input semantic="UVSET0" input_semantic="TEXCOORD" input_set="0" />
                        </instance_material>
                    </technique_common>
                </bind_material>
            </instance_geometry>
            <instance_geometry url="#ID15">
                <bind_material>
                    <technique_common>
                        <instance_material symbol="Material2" target="#ID8">
                            <bind_vertex_input semantic="UVSET0" input_semantic="TEXCOORD" input_set="0" />
                        </instance_material>
                    </technique_common>
                </bind_material>
            </instance_geometry>
            <instance_geometry url="#ID21">
                <bind_material>
                    <technique_common>
                        <instance_material symbol="Material2" target="#ID8">
                            <bind_vertex_input semantic="UVSET0" input_semantic="TEXCOORD" input_set="0" />
                        </instance_material>
                    </technique_common>
                </bind_material>
            </instance_geometry>
            <instance_geometry url="#ID27">
                <bind_material>
                    <technique_common>
                        <instance_material symbol="Material2" target="#ID8">
                            <bind_vertex_input semantic="UVSET0" input_semantic="TEXCOORD" input_set="0" />
                        </instance_material>
                    </technique_common>
                </bind_material>
            </instance_geometry>
            <instance_geometry url="#ID33">
                <bind_material>
                    <technique_common>
                        <instance_material symbol="Material2" target="#ID8">
                            <bind_vertex_input semantic="UVSET0" input_semantic="TEXCOORD" input_set="0" />
                        </instance_material>
                    </technique_common>
                </bind_material>
            </instance_geometry>
            <instance_geometry url="#ID39">
                <bind_material>
                    <technique_common>
                        <instance_material symbol="Material2" target="#ID8">
                            <bind_vertex_input semantic="UVSET0" input_semantic="TEXCOORD" input_set="0" />
                        </instance_material>
                    </technique_common>
                </bind_material>
            </instance_geometry>
            <instance_geometry url="#ID45">
                <bind_material>
                    <technique_common>
                        <instance_material symbol="Material2" target="#ID8">
                            <bind_vertex_input semantic="UVSET0" input_semantic="TEXCOORD" input_set="0" />
                        </instance_material>
                    </technique_common>
                </bind_material>
            </instance_geometry>
            <instance_geometry url="#ID51">
                <bind_material>
                    <technique_common>
                        <instance_material symbol="Material2" target="#ID8">
                            <bind_vertex_input semantic="UVSET0" input_semantic="TEXCOORD" input_set="0" />
                        </instance_material>
                    </technique_common>
                </bind_material>
            </instance_geometry>
            <instance_geometry url="#ID57">
                <bind_material>
                    <technique_common>
                        <instance_material symbol="Material2" target="#ID8">
                            <bind_vertex_input semantic="UVSET0" input_semantic="TEXCOORD" input_set="0" />
                        </instance_material>
                    </technique_common>
                </bind_material>
            </instance_geometry>
            <instance_geometry url="#ID63">
                <bind_material>
                    <technique_common>
                        <instance_material symbol="Material2" target="#ID8">
                            <bind_vertex_input semantic="UVSET0" input_semantic="TEXCOORD" input_set="0" />
                        </instance_material>
                    </technique_common>
                </bind_material>
            </instance_geometry>
            <instance_geometry url="#ID69">
                <bind_material>
                    <technique_common>
                        <instance_material symbol="Material2" target="#ID8">
                            <bind_vertex_input semantic="UVSET0" input_semantic="TEXCOORD" input_set="0" />
                        </instance_material>
                    </technique_common>
                </bind_material>
            </instance_geometry>
            <instance_geometry url="#ID75">
                <bind_material>
                    <technique_common>
                        <instance_material symbol="Material2" target="#ID8">
                            <bind_vertex_input semantic="UVSET0" input_semantic="TEXCOORD" input_set="0" />
                        </instance_material>
                    </technique_common>
                </bind_material>
            </instance_geometry>
            <instance_geometry url="#ID81">
                <bind_material>
                    <technique_common>
                        <instance_material symbol="Material2" target="#ID8">
                            <bind_vertex_input semantic="UVSET0" input_semantic="TEXCOORD" input_set="0" />
                        </instance_material>
                    </technique_common>
                </bind_material>
            </instance_geometry>
            <instance_geometry url="#ID87">
                <bind_material>
                    <technique_common>
                        <instance_material symbol="Material2" target="#ID8">
                            <bind_vertex_input semantic="UVSET0" input_semantic="TEXCOORD" input_set="0" />
                        </instance_material>
                    </technique_common>
                </bind_material>
            </instance_geometry>
            <instance_geometry url="#ID93">
                <bind_material>
                    <technique_common>
                        <instance_material symbol="Material2" target="#ID8">
                            <bind_vertex_input semantic="UVSET0" input_semantic="TEXCOORD" input_set="0" />
                        </instance_material>
                    </technique_common>
                </bind_material>
            </instance_geometry>
            <instance_geometry url="#ID99">
                <bind_material>
                    <technique_common>
                        <instance_material symbol="Material2" target="#ID8">
                            <bind_vertex_input semantic="UVSET0" input_semantic="TEXCOORD" input_set="0" />
                        </instance_material>
                    </technique_common>
                </bind_material>
            </instance_geometry>
            <instance_geometry url="#ID105">
                <bind_material>
                    <technique_common>
                        <instance_material symbol="Material2" target="#ID8">
                            <bind_vertex_input semantic="UVSET0" input_semantic="TEXCOORD" input_set="0" />
                        </instance_material>
                    </technique_common>
                </bind_material>
            </instance_geometry>
            <instance_geometry url="#ID111">
                <bind_material>
                    <technique_common>
                        <instance_material symbol="Material2" target="#ID8">
                            <bind_vertex_input semantic="UVSET0" input_semantic="TEXCOORD" input_set="0" />
                        </instance_material>
                    </technique_common>
                </bind_material>
            </instance_geometry>
            <instance_geometry url="#ID117">
                <bind_material>
                    <technique_common>
                        <instance_material symbol="Material2" target="#ID8">
                            <bind_vertex_input semantic="UVSET0" input_semantic="TEXCOORD" input_set="0" />
                        </instance_material>
                    </technique_common>
                </bind_material>
            </instance_geometry>
            <instance_geometry url="#ID123">
                <bind_material>
                    <technique_common>
                        <instance_material symbol="Material2" target="#ID8">
                            <bind_vertex_input semantic="UVSET0" input_semantic="TEXCOORD" input_set="0" />
                        </instance_material>
                    </technique_common>
                </bind_material>
            </instance_geometry>
            <instance_geometry url="#ID129">
                <bind_material>
                    <technique_common>
                        <instance_material symbol="Material2" target="#ID8">
                            <bind_vertex_input semantic="UVSET0" input_semantic="TEXCOORD" input_set="0" />
                        </instance_material>
                    </technique_common>
                </bind_material>
            </instance_geometry>
            <instance_geometry url="#ID135">
                <bind_material>
                    <technique_common>
                        <instance_material symbol="Material2" target="#ID8">
                            <bind_vertex_input semantic="UVSET0" input_semantic="TEXCOORD" input_set="0" />
                        </instance_material>
                    </technique_common>
                </bind_material>
            </instance_geometry>
            <instance_geometry url="#ID141">
                <bind_material>
                    <technique_common>
                        <instance_material symbol="Material2" target="#ID8">
                            <bind_vertex_input semantic="UVSET0" input_semantic="TEXCOORD" input_set="0" />
                        </instance_material>
                    </technique_common>
                </bind_material>
            </instance_geometry>
            <instance_geometry url="#ID147">
                <bind_material>
                    <technique_common>
                        <instance_material symbol="Material2" target="#ID8">
                            <bind_vertex_input semantic="UVSET0" input_semantic="TEXCOORD" input_set="0" />
                        </instance_material>
                    </technique_common>
                </bind_material>
            </instance_geometry>
            <instance_geometry url="#ID153">
                <bind_material>
                    <technique_common>
                        <instance_material symbol="Material2" target="#ID8">
                            <bind_vertex_input semantic="UVSET0" input_semantic="TEXCOORD" input_set="0" />
                        </instance_material>
                    </technique_common>
                </bind_material>
            </instance_geometry>
            <instance_geometry url="#ID159">
                <bind_material>
                    <technique_common>
                        <instance_material symbol="Material2" target="#ID8">
                            <bind_vertex_input semantic="UVSET0" input_semantic="TEXCOORD" input_set="0" />
                        </instance_material>
                    </technique_common>
                </bind_material>
            </instance_geometry>
            <instance_geometry url="#ID165">
                <bind_material>
                    <technique_common>
                        <instance_material symbol="Material2" target="#ID8">
                            <bind_vertex_input semantic="UVSET0" input_semantic="TEXCOORD" input_set="0" />
                        </instance_material>
                    </technique_common>
                </bind_material>
            </instance_geometry>
            <instance_geometry url="#ID171">
                <bind_material>
                    <technique_common>
                        <instance_material symbol="Material2" target="#ID8">
                            <bind_vertex_input semantic="UVSET0" input_semantic="TEXCOORD" input_set="0" />
                        </instance_material>
                    </technique_common>
                </bind_material>
            </instance_geometry>
            <instance_geometry url="#ID177">
                <bind_material>
                    <technique_common>
                        <instance_material symbol="Material2" target="#ID8">
                            <bind_vertex_input semantic="UVSET0" input_semantic="TEXCOORD" input_set="0" />
                        </instance_material>
                    </technique_common>
                </bind_material>
            </instance_geometry>
            <instance_geometry url="#ID183">
                <bind_material>
                    <technique_common>
                        <instance_material symbol="Material2" target="#ID8">
                            <bind_vertex_input semantic="UVSET0" input_semantic="TEXCOORD" input_set="0" />
                        </instance_material>
                    </technique_common>
                </bind_material>
            </instance_geometry>
            <instance_geometry url="#ID189">
                <bind_material>
                    <technique_common>
                        <instance_material symbol="Material2" target="#ID8">
                            <bind_vertex_input semantic="UVSET0" input_semantic="TEXCOORD" input_set="0" />
                        </instance_material>
                    </technique_common>
                </bind_material>
            </instance_geometry>
            <instance_geometry url="#ID195">
                <bind_material>
                    <technique_common>
                        <instance_material symbol="Material2" target="#ID8">
                            <bind_vertex_input semantic="UVSET0" input_semantic="TEXCOORD" input_set="0" />
                        </instance_material>
                    </technique_common>
                </bind_material>
            </instance_geometry>
            <instance_geometry url="#ID201">
                <bind_material>
                    <technique_common>
                        <instance_material symbol="Material2" target="#ID8">
                            <bind_vertex_input semantic="UVSET0" input_semantic="TEXCOORD" input_set="0" />
                        </instance_material>
                    </technique_common>
                </bind_material>
            </instance_geometry>
            <instance_geometry url="#ID207">
                <bind_material>
                    <technique_common>
                        <instance_material symbol="Material2" target="#ID8">
                            <bind_vertex_input semantic="UVSET0" input_semantic="TEXCOORD" input_set="0" />
                        </instance_material>
                    </technique_common>
                </bind_material>
            </instance_geometry>
            <instance_geometry url="#ID213">
                <bind_material>
                    <technique_common>
                        <instance_material symbol="Material2" target="#ID8">
                            <bind_vertex_input semantic="UVSET0" input_semantic="TEXCOORD" input_set="0" />
                        </instance_material>
                    </technique_common>
                </bind_material>
            </instance_geometry>
            <instance_geometry url="#ID219">
                <bind_material>
                    <technique_common>
                        <instance_material symbol="Material2" target="#ID8">
                            <bind_vertex_input semantic="UVSET0" input_semantic="TEXCOORD" input_set="0" />
                        </instance_material>
                    </technique_common>
                </bind_material>
            </instance_geometry>
            <instance_geometry url="#ID225">
                <bind_material>
                    <technique_common>
                        <instance_material symbol="Material2" target="#ID8">
                            <bind_vertex_input semantic="UVSET0" input_semantic="TEXCOORD" input_set="0" />
                        </instance_material>
                    </technique_common>
                </bind_material>
            </instance_geometry>
            <instance_geometry url="#ID231">
                <bind_material>
                    <technique_common>
                        <instance_material symbol="Material2" target="#ID8">
                            <bind_vertex_input semantic="UVSET0" input_semantic="TEXCOORD" input_set="0" />
                        </instance_material>
                    </technique_common>
                </bind_material>
            </instance_geometry>
            <instance_geometry url="#ID237">
                <bind_material>
                    <technique_common>
                        <instance_material symbol="Material2" target="#ID8">
                            <bind_vertex_input semantic="UVSET0" input_semantic="TEXCOORD" input_set="0" />
                        </instance_material>
                    </technique_common>
                </bind_material>
            </instance_geometry>
            <instance_geometry url="#ID243">
                <bind_material>
                    <technique_common>
                        <instance_material symbol="Material2" target="#ID8">
                            <bind_vertex_input semantic="UVSET0" input_semantic="TEXCOORD" input_set="0" />
                        </instance_material>
                    </technique_common>
                </bind_material>
            </instance_geometry>
            <instance_geometry url="#ID249">
                <bind_material>
                    <technique_common>
                        <instance_material symbol="Material2" target="#ID8">
                            <bind_vertex_input semantic="UVSET0" input_semantic="TEXCOORD" input_set="0" />
                        </instance_material>
                    </technique_common>
                </bind_material>
            </instance_geometry>
            <instance_geometry url="#ID255">
                <bind_material>
                    <technique_common>
                        <instance_material symbol="Material2" target="#ID8">
                            <bind_vertex_input semantic="UVSET0" input_semantic="TEXCOORD" input_set="0" />
                        </instance_material>
                    </technique_common>
                </bind_material>
            </instance_geometry>
            <instance_geometry url="#ID261">
                <bind_material>
                    <technique_common>
                        <instance_material symbol="Material2" target="#ID8">
                            <bind_vertex_input semantic="UVSET0" input_semantic="TEXCOORD" input_set="0" />
                        </instance_material>
                    </technique_common>
                </bind_material>
            </instance_geometry>
            <instance_geometry url="#ID267">
                <bind_material>
                    <technique_common>
                        <instance_material symbol="Material2" target="#ID8">
                            <bind_vertex_input semantic="UVSET0" input_semantic="TEXCOORD" input_set="0" />
                        </instance_material>
                    </technique_common>
                </bind_material>
            </instance_geometry>
            <instance_geometry url="#ID273">
                <bind_material>
                    <technique_common>
                        <instance_material symbol="Material2" target="#ID8">
                            <bind_vertex_input semantic="UVSET0" input_semantic="TEXCOORD" input_set="0" />
                        </instance_material>
                    </technique_common>
                </bind_material>
            </instance_geometry>
            <instance_geometry url="#ID279">
                <bind_material>
                    <technique_common>
                        <instance_material symbol="Material2" target="#ID8">
                            <bind_vertex_input semantic="UVSET0" input_semantic="TEXCOORD" input_set="0" />
                        </instance_material>
                    </technique_common>
                </bind_material>
            </instance_geometry>
            <instance_geometry url="#ID285">
                <bind_material>
                    <technique_common>
                        <instance_material symbol="Material2" target="#ID8">
                            <bind_vertex_input semantic="UVSET0" input_semantic="TEXCOORD" input_set="0" />
                        </instance_material>
                    </technique_common>
                </bind_material>
            </instance_geometry>
            <instance_geometry url="#ID291">
                <bind_material>
                    <technique_common>
                        <instance_material symbol="Material2" target="#ID8">
                            <bind_vertex_input semantic="UVSET0" input_semantic="TEXCOORD" input_set="0" />
                        </instance_material>
                    </technique_common>
                </bind_material>
            </instance_geometry>
            <instance_geometry url="#ID297">
                <bind_material>
                    <technique_common>
                        <instance_material symbol="Material2" target="#ID8">
                            <bind_vertex_input semantic="UVSET0" input_semantic="TEXCOORD" input_set="0" />
                        </instance_material>
                    </technique_common>
                </bind_material>
            </instance_geometry>
            <instance_geometry url="#ID303">
                <bind_material>
                    <technique_common>
                        <instance_material symbol="Material2" target="#ID8">
                            <bind_vertex_input semantic="UVSET0" input_semantic="TEXCOORD" input_set="0" />
                        </instance_material>
                    </technique_common>
                </bind_material>
            </instance_geometry>
            <instance_geometry url="#ID309">
                <bind_material>
                    <technique_common>
                        <instance_material symbol="Material2" target="#ID8">
                            <bind_vertex_input semantic="UVSET0" input_semantic="TEXCOORD" input_set="0" />
                        </instance_material>
                    </technique_common>
                </bind_material>
            </instance_geometry>
            <instance_geometry url="#ID315">
                <bind_material>
                    <technique_common>
                        <instance_material symbol="Material2" target="#ID8">
                            <bind_vertex_input semantic="UVSET0" input_semantic="TEXCOORD" input_set="0" />
                        </instance_material>
                    </technique_common>
                </bind_material>
            </instance_geometry>
            <instance_geometry url="#ID321">
                <bind_material>
                    <technique_common>
                        <instance_material symbol="Material2" target="#ID8">
                            <bind_vertex_input semantic="UVSET0" input_semantic="TEXCOORD" input_set="0" />
                        </instance_material>
                    </technique_common>
                </bind_material>
            </instance_geometry>
            <instance_geometry url="#ID327">
                <bind_material>
                    <technique_common>
                        <instance_material symbol="Material2" target="#ID8">
                            <bind_vertex_input semantic="UVSET0" input_semantic="TEXCOORD" input_set="0" />
                        </instance_material>
                    </technique_common>
                </bind_material>
            </instance_geometry>
            <instance_geometry url="#ID333">
                <bind_material>
                    <technique_common>
                        <instance_material symbol="Material2" target="#ID8">
                            <bind_vertex_input semantic="UVSET0" input_semantic="TEXCOORD" input_set="0" />
                        </instance_material>
                    </technique_common>
                </bind_material>
            </instance_geometry>
            <instance_geometry url="#ID339">
                <bind_material>
                    <technique_common>
                        <instance_material symbol="Material2" target="#ID8">
                            <bind_vertex_input semantic="UVSET0" input_semantic="TEXCOORD" input_set="0" />
                        </instance_material>
                    </technique_common>
                </bind_material>
            </instance_geometry>
            <instance_geometry url="#ID345">
                <bind_material>
                    <technique_common>
                        <instance_material symbol="Material2" target="#ID8">
                            <bind_vertex_input semantic="UVSET0" input_semantic="TEXCOORD" input_set="0" />
                        </instance_material>
                    </technique_common>
                </bind_material>
            </instance_geometry>
            <instance_geometry url="#ID351">
                <bind_material>
                    <technique_common>
                        <instance_material symbol="Material2" target="#ID8">
                            <bind_vertex_input semantic="UVSET0" input_semantic="TEXCOORD" input_set="0" />
                        </instance_material>
                    </technique_common>
                </bind_material>
            </instance_geometry>
            <instance_geometry url="#ID357">
                <bind_material>
                    <technique_common>
